##BLOCKS= 1
Plate:	final-read	1.3	PlateFormat	Endpoint	Absorbance	Raw	FALSE	1						2	450 630 	1	9	96	1	8		
	Temperature(¡C)	1	2	3	4	5	6	7	8	9	10	11	12		1	2	3	4	5	6	7	8	9	10	11	12		
	24.4	2.5134	2.4591	2.5587	2.5606	1.4136	1.4057	0.6537	0.684	0.6952					0.0818	0.0673	0.0725	0.0726	0.0514	0.0513	0.0434	0.043	0.0419					
		1.5645	1.5238	1.6326	1.6425	0.6118	0.6222	0.6067	0.6254	0.6597					0.0327	0.0303	0.025	0.0266	0.0097	0.0121	0.0089	0.0116	0.0087					
		0.7928	0.7268	0.812	0.8062	0.2633	0.255	0.326	0.3338	0.3335					0.0153	0.0076	0.0105	0.0085	0.0044	0.0007	0.0021	0.0018	0.0024					
		0.3408	0.3173	0.3708	0.3638	0.1332	0.1315	0.3395	0.3252	0.3259					0.006	0.0011	0.0024	0.0041	0.0005	-0.0024	-0.0002	0.0005	0.0015					
		0.1682	0.1521	0.1782	0.1802	0.0763	0.0774	0.1231	0.1189	0.1125					0.0025	-0.0036	-0.0024	-0.0018	-0.0046	-0.0029	-0.0043	-0.004	-0.0065					
		0.1268	0.0887	0.1108	0.0948	0.0644	0.0828	0.1136	0.1223	0.1271					0.0279	-0.0062	0.0015	-0.0084	-0.0044	0.009	-0.0072	-0.0084	0.0003					
		0.0651	0.058	0.0667	0.0659	0.0691	0.0666	0.0591	0.0799	0.0581					-0.005	-0.0093	-0.0086	-0.0093	-0.0007	-0.0027	-0.0099	0.0058	-0.0106					
		0.0489	0.0379	0.0442	0.0523	0.0517	0.0543	0.0621	0.053	0.0506					-0.0021	-0.0123	-0.0115	-0.0098	-0.0079	-0.0059	-0.004	-0.0093	-0.0117					
	 	 	
~End
Original Filename: 2020-07-30_MM_csELISA-V007; Date Last Saved: 7/30/2020 6:14:26 PM
