##BLOCKS= 1
Plate:	final read	1.3	PlateFormat	Endpoint	Absorbance	Raw	FALSE	1						2	450 630 	1	12	96	1	8		
	Temperature(¡C)	1	2	3	4	5	6	7	8	9	10	11	12		1	2	3	4	5	6	7	8	9	10	11	12		
	24.8	2.627	2.6282	2.5172	2.5882	2.6616	2.6559	1.5641	1.6532	0.6746	0.6759	0.2748	0.2586		0.0711	0.08	0.0835	0.0831	0.083	0.0813	0.0642	0.0688	0.0476	0.0564	0.0489	0.0512		
		1.832	1.8692	1.6733	1.7153	1.8919	1.9829	0.8037	0.7736	0.3682	0.3686	0.2806	0.2606		0.033	0.0417	0.0413	0.0413	0.0411	0.0407	0.0287	0.0335	0.0189	0.0238	0.0227	0.0181		
		0.9514	0.9398	0.9123	0.902	1.0106	1.0328	0.3351	0.3463	0.1245	0.1366	0.2511	0.2687		0.0143	0.0329	0.0278	0.0302	0.0238	0.0298	0.0154	0.0237	0.0078	0.0292	0.016	0.0182		
		0.4174	0.4566	0.4252	0.4389	0.469	0.4671	0.1534	0.1612	0.0623	0.0676	0.5771	0.6156		0.0049	0.0257	0.0227	0.031	0.018	0.0216	0.0147	0.0243	0.0091	0.022	0.0209	0.0227		
		0.1822	0.1939	0.183	0.2124	0.1969	0.2161	0.0863	0.0971	0.4734	0.4674	0.5967	0.5985		-0.0007	0.0202	0.0262	0.0279	0.0142	0.0149	0.0143	0.024	0.0175	0.0269	0.0246	0.0233		
		0.0908	0.1017	0.0853	0.1051	0.1081	0.1092	0.0592	0.0729	0.2711	0.2873	0.4021	0.3932		-0.0057	0.0121	0.0109	0.0163	0.0084	0.0097	0.0165	0.0239	0.0053	0.0352	0.018	0.0126		
		0.0514	0.0794	0.0497	0.0731	0.0623	0.0832	0.0561	0.0705	0.7908	0.797	0.056	0.061		-0.0031	0.027	0.0074	0.0207	0.0045	0.0212	0.0201	0.0333	0.0134	0.0295	0.0093	0.0169		
		0.0214	0.031	0.023	0.0475	0.0353	0.0592	0.0529	0.0441	0.4359	0.414	0.0412	0.0469		-0.0088	0.0064	0.0049	0.0163	0.0066	0.0261	0.0211	0.0131	0.0093	0.0093	0.0016	0.0131		

~End
Original Filename: 2020-09-11_MM_csELISA-019; Date Last Saved: 9/11/2020 4:18:57 PM
