##BLOCKS= 1
Plate:	final-read	1.3	PlateFormat	Endpoint	Absorbance	Raw	FALSE	1						2	450 630 	1	10	96	1	8		
	Temperature(¡C)	1	2	3	4	5	6	7	8	9	10	11	12		1	2	3	4	5	6	7	8	9	10	11	12		
	24.1	2.4425	2.439	2.4931	2.5072	2.514	2.484	1.253	1.307	0.6055	0.6153				0.0674	0.0649	0.0681	0.0685	0.0718	0.0673	0.0523	0.0477	0.042	0.0413				
		1.5418	1.5603	1.6269	1.6124	1.4421	1.4647	2.012	2.0564	0.3122	0.3111				0.0262	0.026	0.0272	0.0242	0.0254	0.0234	0.0349	0.0331	0.0103	0.0077				
		0.7856	0.7727	0.846	0.8504	0.6931	0.7345	1.0805	1.0871	0.1259	0.136				0.0155	0.0104	0.0118	0.0139	0.0099	0.01	0.013	0.0233	0.0008	0.0024				
		0.3549	0.3546	0.4082	0.4042	0.3699	0.3623	0.4955	0.5108	0.0792	0.0821				0.0062	0.008	0.0048	0.0073	0.0056	0.0029	0.0038	0.0057	-0.0003	0.0018				
		0.1819	0.1786	0.2074	0.2139	0.2133	0.2176	0.2515	0.244	0.1567	0.1608				0.0007	-0.0022	0.0012	0.0064	0.0015	-0.0017	-0.0009	-0.0017	-0.0014	-0.0018				
		0.1068	0.1068	0.1239	0.1434	0.1428	0.1536	0.1554	0.1553	0.1624	0.167				-0.0047	-0.004	-0.004	0.015	-0.0034	0.0029	-0.0051	-0.0052	-0.0038	-0.0049				
		0.0853	0.0802	0.1118	0.0998	2.6851	2.6681	0.1299	0.1232	0.1704	0.1748				-0.0038	-0.0057	0.0043	-0.0041	0.0329	0.0334	-0.0062	-0.0038	-0.0033	-0.0045				
		0.061	0.0662	0.119	0.0844	0.0914	0.0908	0.1467	0.1008	0.1863	0.174				-0.0073	-0.008	0.0337	-0.0081	-0.0048	-0.0091	0.0353	-0.0074	-0.0016	-0.0063				

		 	 	
~End
Original Filename: 2020-07-28_MM_csELISA-V005; Date Last Saved: 7/28/2020 5:36:23 PM
