##BLOCKS= 1
Plate:	Plate2	1.3	PlateFormat	Endpoint	Absorbance	Raw	FALSE	1						2	450 630 	1	12	96	1	8			
	Temperature(¡C)	1	2	3	4	5	6	7	8	9	10	11	12		1	2	3	4	5	6	7	8	9	10	11	12		
	28	2.5663	2.5381	2.6388	2.5752	0.2019	0.1935	0.6064	0.643	1.1019	1.0719	0.5935	0.4735		0.0576	0.0578	0.0592	0.0584	0.0302	0.0299	0.0356	0.0351	0.0433	0.0405	0.0452	0.0366		
		1.4935	1.5465	1.5494	1.5216	0.1335	0.1307	0.6906	0.6993	0.9962	0.9763	0.3126	0.2588		0.0465	0.049	0.0502	0.0457	0.0317	0.0299	0.0368	0.0367	0.0415	0.0412	0.0413	0.0324		
		0.8022	0.7736	0.8088	0.8238	0.4552	0.4526	0.4018	0.3987	0.4178	0.4104	0.1531	0.1389		0.0388	0.037	0.0374	0.0378	0.0337	0.0337	0.0329	0.033	0.0332	0.0335	0.0293	0.0293		
		0.3593	0.3557	0.372	0.3713	0.1902	0.1815	0.6727	0.6486	0.297	0.2681	0.0832	0.0897		0.0313	0.0312	0.0317	0.0318	0.0303	0.0286	0.0372	0.0355	0.0325	0.0309	0.0285	0.0309		
		0.1818	0.1807	0.1927	0.1863	0.5432	0.5692	0.555	0.539	0.5434	0.4248	0.7134	0.6457		0.0303	0.0295	0.0296	0.03	0.0333	0.0345	0.034	0.0333	0.0342	0.0333	0.0387	0.0378		
		0.1094	0.1145	0.1151	0.1108	0.743	0.7704	0.76	0.7684	0.1665	0.1622	0.7569	0.6995		0.0294	0.0307	0.0336	0.0283	0.037	0.0374	0.0365	0.0394	0.0305	0.03	0.0379	0.0358		
		0.0828	0.0805	0.0828	0.0863	0.1326	0.1402	0.7228	0.7225	0.3834	0.3816	0.1852	0.168		0.0308	0.0283	0.0281	0.0282	0.0278	0.034	0.0381	0.0424	0.0324	0.0316	0.0292	0.0297		
		0.0692	0.0648	0.0746	0.0659	0.5162	0.5076	0.7957	0.8356	0.4452	0.4319	0.2928	0.2565		0.0337	0.0293	0.0361	0.029	0.0341	0.0354	0.041	0.054	0.0324	0.0358	0.0316	0.0314		

~End
Original Filename: 2020-10-22_csELISA-021; Date Last Saved: 10/22/2020 6:31:35 PM
