##BLOCKS= 1
Plate:	read_final	1.3	PlateFormat	Endpoint	Absorbance	Raw	FALSE	1						2	450 630 	1	12	96	1	8		
	Temperature(¡C)	1	2	3	4	5	6	7	8	9	10	11	12		1	2	3	4	5	6	7	8	9	10	11	12		
	24.1	2.4349	2.2741	2.2221	0.4258	0.4192	0.3996	0.4112	0.3228	0.3224	0.299	0.2758	0.0597		0.0692	0.0641	0.0658	0.0374	0.0428	0.0367	0.0384	0.036	0.0361	0.0358	0.0352	0.0327		
		0.0343	1.2214	1.161	0.3697	0.3521	0.2035	0.2024	0.2446	0.2662	0.1521	0.1437	0.026		0.0077	0.0192	0.0224	0.0063	0.0102	0.004	0.0078	0.005	0.0076	0.0039	0.0062	0.0012		
		0.0245	0.5302	0.5243	0.2786	0.2799	0.0804	0.0754	0.1884	0.186	0.0679	0.068	0.0261		0.0012	0.0106	0.0073	0.0041	0.006	0.0026	-0.0002	0.0046	0.0017	0.0021	0.001	0		
		0.0274	0.2277	0.2238	0.1985	0.2106	0.0454	0.0393	0.1428	0.1469	0.0466	0.0423	0.0262		0.0003	0.0047	0.0061	0.0009	0.0008	0.0012	-0.0019	-0.0004	-0.0001	0.0009	0.0001	-0.001		
		0.022	0.098	0.0945	0.1403	0.14	0.0402	0.02	0.1056	0.1012	0.0221	0.0214	0.0256		-0.0035	-0.0026	-0.0013	-0.0037	-0.0018	0.0117	-0.0043	-0.0044	-0.0022	-0.0028	-0.0047	-0.0021		
		0.0172	0.0448	0.0456	0.0704	0.0701	0.0273	0.0161	0.068	0.0702	0.0186	0.0177	0.0191		-0.0068	-0.007	-0.0054	-0.0075	-0.0067	0.0012	-0.0076	-0.0038	-0.0054	-0.0076	-0.0062	-0.0075		
		0.0221	0.0273	0.0244	0.0303	0.0294	0.0187	0.0209	0.0444	0.0554	0.0182	0.0157	0.0169		-0.0018	-0.0053	-0.0067	-0.0098	-0.0074	-0.0079	-0.0049	-0.0056	0.0012	-0.0062	-0.0078	-0.0089		
		0.0174	0.0137	0.0132	0.0175	0.0161	0.0167	0.0229	0.016	0.1119	0.014	0.0157	0.0152		-0.0089	-0.0085	-0.0084	-0.0102	-0.0104	-0.0097	-0.0046	-0.0095	0.0754	-0.0093	-0.0086	-0.0102		
	
~End
Original Filename: 2020-07-15_MM_csELISA-V002; Date Last Saved: 7/15/2020 2:29:36 PM
