##BLOCKS= 1
Plate:	final_read	1.3	PlateFormat	Endpoint	Absorbance	Raw	FALSE	1						2	450 630 	1	12	96	1	8		
	Temperature(¡C)	1	2	3	4	5	6	7	8	9	10	11	12		1	2	3	4	5	6	7	8	9	10	11	12		
	24.2	1.8745	1.7692	1.817	1.7655	2.0496	2.0506	0.3817	0.3981	0.3924	0.3904	0.3463	0.3285		0.0584	0.055	0.0562	0.0561	0.0618	0.0625	0.0371	0.0373	0.0376	0.0377	0.038	0.0372		
		1.0104	0.9783	0.8977	0.9172	1.0664	1.1585	0.3119	0.3363	0.21	0.2037	0.2849	0.2706		0.0178	0.0141	0.0143	0.0133	0.0188	0.0186	0.0082	0.0063	0.006	0.0065	0.0068	0.005		
		0.4343	0.4102	0.4189	0.4177	0.4559	0.4637	0.2556	0.2646	0.0769	0.0858	0.2382	0.2485		0.0054	0.0057	0.0034	0.006	0.0045	0.0054	0.0005	0.0048	-0.0004	0.0031	0.0006	0.0032		
		0.1874	0.1861	0.1846	0.1825	0.1881	0.1878	0.2023	0.1996	0.0532	0.0523	0.1764	0.1801		0.052	0.0129	0.0013	0.0011	-0.0002	0.0004	0.0032	0.0001	-0.0011	0.0006	-0.0008	0.0007		
		0.0848	0.0778	0.0753	0.0792	0.0828	0.0838	0.1696	0.1524	0.3127	0.3098	0.1216	0.1173		-0.0018	-0.0001	-0.003	-0.0039	-0.0013	-0.0024	0.0216	0.0003	0.0033	0.0017	-0.0026	-0.0021		
		0.0397	0.0433	0.0371	0.046	0.0376	0.0386	0.0889	0.0793	0.1696	0.1591	0.0677	0.0656		-0.0062	0.0052	-0.0067	-0.0011	-0.0078	-0.0074	0.0002	-0.0054	-0.0062	-0.0052	-0.0077	-0.0065		
		0.0254	0.0217	0.0268	0.026	0.0234	0.0225	0.0612	0.0526	0.0666	0.0554	0.0317	0.0301		-0.0048	-0.0056	-0.0054	-0.006	-0.0077	-0.0076	0.0097	0.0011	0.0011	-0.0049	-0.0087	-0.0077		
		0.013	0.0114	0.0115	0.0117	0.0126	0.0142	0.0331	0.0352	0.0335	0.0278	0.0304	0.0414		-0.0079	-0.008	-0.0094	-0.0095	-0.0102	-0.0093	-0.0079	-0.0029	-0.0028	-0.0101	-0.0098	0.0019		

		1	2	3	4	5	6	7	8	9	10	11	12	
		1.8745	1.7692	1.817	1.7655	2.0496	2.0506	0.3817	0.3981	0.3924	0.3904	0.3463	0.3285	
		1.0104	0.9783	0.8977	0.9172	1.0664	1.1585	0.3119	0.3363	0.21	0.2037	0.2849	0.2706	
		0.4343	0.4102	0.4189	0.4177	0.4559	0.4637	0.2556	0.2646	0.0769	0.0858	0.2382	0.2485	
		0.1874	0.1861	0.1846	0.1825	0.1881	0.1878	0.2023	0.1996	0.0532	0.0523	0.1764	0.1801	
		0.0848	0.0778	0.0753	0.0792	0.0828	0.0838	0.1696	0.1524	0.3127	0.3098	0.1216	0.1173	
		0.0397	0.0433	0.0371	0.046	0.0376	0.0386	0.0889	0.0793	0.1696	0.1591	0.0677	0.0656	
		0.0254	0.0217	0.0268	0.026	0.0234	0.0225	0.0612	0.0526	0.0666	0.0554	0.0317	0.0301	
		0.013	0.0114	0.0115	0.0117	0.0126	0.0142	0.0331	0.0352	0.0335	0.0278	0.0304	0.0414	
~End
Original Filename: 2020-07-16_MM_csELISA-V003_; Date Last Saved: 7/16/2020 3:28:57 PM
