##BLOCKS= 1
Plate:	read-final	1.3	PlateFormat	Endpoint	Absorbance	Raw	FALSE	1						2	450 630 	1	10	96	1	8		
	Temperature(¡C)	1	2	3	4	5	6	7	8	9	10	11	12		1	2	3	4	5	6	7	8	9	10	11	12		
	23.6	2.5914	2.6327	0.7194	0.7141	0.3716	0.3833	0.1567	0.1618	0.099	0.0998				0.0718	0.069	0.0413	0.0428	0.0361	0.0356	0.0332	0.0341	0.0307	0.0316				
		1.7434	1.7712	0.5613	0.5614	0.2864	0.2897	0.1124	0.1222	0.0686	0.0666				0.0307	0.0265	0.0137	0.0107	0.0094	0.0062	0.0075	0.0051	0.0055	0.0024				
		0.9659	0.9401	0.1598	0.4005	0.1999	0.2249	0.0919	0.0932	0.0604	0.064				0.0153	0.0159	0.0019	0.0092	0.0036	0.0049	0.0015	0.0012	-0.0007	0.0033				
		0.4431	0.4275	0.3756	0.2631	0.1456	0.157	0.0674	0.0734	0.0534	0.0565				0.007	0.0053	0.0046	0.0056	0.0015	0.0021	-0.0008	-0.0006	-0.0019	0.0009				
		0.2272	0.1926	0.2578	0.1645	0.0922	0.1032	0.0577	0.0562	0.0493	0.048				0.0294	0.003	0.0052	0.0035	-0.0016	-0.0012	-0.0022	-0.0043	-0.0035	-0.0003				
		0.1194	0.0953	0.0436	0.0502	0.0393	0.0344	0.0364	0.0401	0.043	0.0457				0.0172	-0.0053	-0.002	-0.0019	-0.0034	-0.0073	-0.0065	-0.0064	-0.0055	-0.0036				
		0.0683	0.0806	0.0023	0.0143	0.0015	0.001	0.0055	0.0031	0.0014	0.0057				0.0043	0.0176	-0.0073	0.002	-0.0064	-0.0048	-0.0041	-0.0069	-0.0074	-0.0047				
		0.0363	0.0507	0.014	0.0299	0.0053	-0.0018	0.0096	0.0011	-0.0003	-0.0019				0.0056	0.0201	0.0018	0.0195	-0.0049	-0.0096	-0.0024	-0.0082	-0.0085	-0.0093				
	 	
~End
Original Filename: 2020-07-13_MM_csELISA-V001; Date Last Saved: 7/13/2020 12:02:45 PM
