Plate:	final	1.3	PlateFormat	Endpoint	Absorbance	Raw	FALSE	1						2	450 630 	1	6	96	1	8		
	Temperature(¡C)	1	2	3	4	5	6	7	8	9	10	11	12		1	2	3	4	5	6	7	8	9	10	11	12		
	24	2.4447	2.444	0.3445	0.3421	0.2341	0.2299								0.0724	0.069	0.0367	0.0361	0.0352	0.0358								
		1.3558	1.5463	0.1815	0.1803	0.1338	0.1265								0.0367	0.0326	0.0156	0.0137	0.0147	0.0138								
		0.74	0.7378	0.0777	0.0787	0.06	0.0631								0.019	0.0145	0.0049	0.0056	0.0049	0.005								
		0.3405	0.3254	0.0498	0.0433	0.0429	0.0419								0.0112	0.0095	0.0038	0.0024	0.0019	0.0016								
		0.1315	0.138	0.0033	0.0021	0.0018	0.0064								0.0038	0.0017	-0.0025	-0.0021	-0.0028	0.0014								
		0.0617	0.0606	-0.0004	-0.0019	-0.0017	-0.0026								-0.0022	-0.0028	-0.0065	-0.0071	-0.0062	-0.007								
		0.0416	0.0327	0.0012	-0.0002	0.0044	-0.0022								0.0006	-0.0062	-0.006	-0.006	-0.0029	-0.0068								
		0.0172	0.0164	0.0002	-0.0037	-0.0012	-0.0028								-0.0037	-0.007	-0.0035	-0.0085	-0.0062	-0.0074								
 	 	 	 	 	
~End
Original Filename: 2020-07-02_MM_csELISA-V000; Date Last Saved: 7/2/2020 2:20:37 PM
