##BLOCKS= 1
Plate:	final-read	1.3	PlateFormat	Endpoint	Absorbance	Raw	FALSE	1						2	450 630 	1	12	96	1	8			
	Temperature(¡C)	1	2	3	4	5	6	7	8	9	10	11	12		1	2	3	4	5	6	7	8	9	10	11	12		
	29.5	2.2329	2.1905	0.4224	0.4142	0.2964	0.3019	0.3222	0.3496	0.1816	0.1793	0.0643	0.0862		0.0535	0.0533	0.0336	0.0332	0.0321	0.032	0.0331	0.0323	0.03	0.031	0.0305	0.0507		
		1.1208	1.1738	0.4268	0.4373	0.3134	0.3139	0.3454	0.3673	0.1384	0.1311	0.0624	0.0643		0.0425	0.0424	0.0347	0.0338	0.0335	0.0337	0.033	0.036	0.0308	0.0286	0.0299	0.031		
		0.5175	0.496	0.4045	0.4182	0.4359	0.4311	0.2625	0.2714	0.1987	0.1937	0.0635	0.0621		0.0358	0.0356	0.0356	0.0361	0.035	0.0338	0.0338	0.0321	0.0313	0.0312	0.0285	0.029		
		0.2283	0.224	0.4134	0.4165	0.3173	0.3251	0.2804	0.288	0.2088	0.202	0.061	0.0626		0.0311	0.0312	0.0347	0.0329	0.0324	0.0331	0.0333	0.0338	0.0315	0.0317	0.0283	0.0305		
		0.1207	0.1167	0.3693	0.3966	0.2641	0.2788	0.4061	0.4019	0.18	0.1767	0.0721	0.0682		0.0297	0.0298	0.0335	0.0331	0.031	0.0312	0.0346	0.0326	0.0308	0.0405	0.0416	0.0299		
		0.0813	0.0802	0.3708	0.3607	0.2734	0.3061	0.2154	0.2281	0.1713	0.1629	0.0629	0.0614		0.0327	0.0298	0.0346	0.0334	0.0321	0.033	0.0319	0.0375	0.0346	0.0311	0.0289	0.0274		
		0.0632	0.08	0.273	0.2828	0.3074	0.3025	0.1091	0.1124	0.0645	0.0648	0.0635	0.0645		0.0311	0.0454	0.0332	0.0402	0.046	0.0331	0.0296	0.0315	0.0291	0.0281	0.0279	0.0281		
		0.052	0.0534	0.3221	0.339	0.2777	0.2869	0.078	0.0758	0.0642	0.0617	0.0625	0.062		0.0292	0.0309	0.0323	0.0338	0.0352	0.0335	0.0316	0.0313	0.0285	0.0289	0.0289	0.0285		

		
~End
Original Filename: 2020-11-20_MM_csELISA-025; Date Last Saved: 11/20/2020 5:51:37 PM
