##BLOCKS= 1
Plate:	final read	1.3	PlateFormat	Endpoint	Absorbance	Raw	FALSE	1						2	450 630 	1	12	96	1	8			
	Temperature(¡C)	1	2	3	4	5	6	7	8	9	10	11	12		1	2	3	4	5	6	7	8	9	10	11	12		
	37	2.9017	2.9151	2.9772	2.8239	0.9051	0.8301	0.6135	0.6609	0.4989	0.4945	0.6258	0.5631		0.062	0.0623	0.0622	0.0616	0.0394	0.0381	0.0364	0.0358	0.035	0.0338	0.0348	0.035		
		1.6431	1.6518	1.6915	1.6232	0.9503	0.9094	0.7243	0.8203	0.6108	0.6028	0.3425	0.3272		0.0474	0.0457	0.0476	0.0474	0.0401	0.0415	0.0387	0.0382	0.0362	0.0348	0.0321	0.0322		
		0.729	0.7116	0.7286	0.7342	0.9659	0.9844	0.6921	0.7164	0.595	0.5974	0.1594	0.1607		0.0385	0.037	0.0371	0.0376	0.0402	0.0398	0.0381	0.0368	0.0367	0.0356	0.0298	0.0297		
		0.3072	0.2874	0.305	0.3196	0.8876	0.945	0.723	0.6945	0.5099	0.509	0.1069	0.1118		0.0324	0.0319	0.0328	0.0324	0.0586	0.0413	0.0385	0.037	0.0348	0.0346	0.029	0.0305		
		0.1553	0.1476	0.1549	0.1578	0.857	0.9489	0.6072	0.648	0.4564	0.4649	0.0777	0.0758		0.0302	0.0303	0.0308	0.036	0.0383	0.0392	0.0357	0.0405	0.0338	0.035	0.031	0.0304		
		0.0989	0.0992	0.1054	0.1014	0.6959	0.7825	0.5552	0.5665	0.5054	0.484	0.0825	0.08		0.0307	0.0307	0.0303	0.0298	0.0372	0.0409	0.0378	0.0349	0.0348	0.0343	0.0289	0.027		
		0.0822	0.0815	0.0846	0.0829	0.7098	0.767	0.644	0.6569	0.4002	0.4149	0.08	0.0831		0.0307	0.0292	0.029	0.03	0.0416	0.0376	0.0363	0.0386	0.033	0.0323	0.0281	0.0281		
		0.0648	0.0622	0.0666	0.0679	0.557	0.5365	0.5074	0.5371	0.0809	0.0826	0.0743	0.0768		0.0308	0.03	0.0284	0.03	0.0358	0.0367	0.0358	0.035	0.0283	0.0293	0.0288	0.0291		

		1	2	3	4	5	6	7	8	9	10	11	12	
		 	 	 	 	 	 	 	 	 	 	 	 	
		 	 	 	 	 	 	 	 	 	 	 	 	
		 	 	 	 	 	 	 	 	 	 	 	 	
		 	 	 	 	 	 	 	 	 	 	 	 	
		 	 	 	 	 	 	 	 	 	 	 	 	
		 	 	 	 	 	 	 	 	 	 	 	 	
		 	 	 	 	 	 	 	 	 	 	 	 	
		 	 	 	 	 	 	 	 	 	 	 	 	
~End
Original Filename: 2020-11-18_MM_csELISA-024; Date Last Saved: 11/18/2020 4:11:05 PM
