##BLOCKS= 1
Plate:	final-read	1.3	PlateFormat	Endpoint	Absorbance	Raw	FALSE	1						2	450 630 	1	12	96	1	8		
	Temperature(¡C)	1	2	3	4	5	6	7	8	9	10	11	12		1	2	3	4	5	6	7	8	9	10	11	12		
	24.3	2.1658	1.3485	0.6704	0.3202	0.1903	0.1159	0.0961	0.075	0.6241	0.596	0.1323	0.1169		0.065	0.0497	0.0406	0.0351	0.0335	0.0327	0.0336	0.0328	0.0388	0.0394	0.0341	0.0334		
		2.153	1.3567	0.6413	0.3071	0.1513	0.0911	0.0681	0.0484	0.3111	0.2963	0.0599	0.046		0.0367	0.0191	0.0109	0.0046	0.004	0.0016	0.0035	0.0017	0.0064	0.0076	0.0042	0.0003		
		0.4331	0.46	0.4785	0.5045	0.6451	0.6512	0.1159	0.1163	0.1182	0.12	0.1651	0.1669		0.005	0.006	0.0034	0.0051	0.0053	0.0076	-0.0021	0.0004	-0.0017	0.0009	-0.0018	0.0028		
		0.4487	0.4429	0.4662	0.4921	0.6359	0.6672	0.1364	0.1347	0.1305	0.1301	0.1665	0.1688		0.0038	0.0024	0.0023	0.003	0.0045	0.0047	-0.0032	-0.0017	-0.0028	-0.0017	-0.0019	0.0063		
		0.4703	0.4874	0.5103	0.5428	0.5819	0.5836	0.1278	0.1281	0.1487	0.1476	0.1565	0.1284		0.0053	0.0026	0.0065	0.0008	0.0016	0.0011	-0.0041	-0.0039	-0.0025	-0.0032	0.0042	-0.0042		
		0.5082	0.4879	0.5228	0.5449	0.5739	0.5786	0.1459	0.1441	0.1808	0.1525	0.1443	0.1417		-0.0008	-0.0022	-0.002	-0.0019	0.0073	-0.002	-0.0033	-0.0053	0.0112	-0.0069	-0.0074	-0.008		
		0.4445	0.4398	0.4484	0.4797	0.5124	0.5594	0.1394	0.1487	0.1471	0.1799	0.1323	0.1272		-0.0011	-0.0044	-0.0032	-0.0046	0.0022	0.0149	-0.0049	0.0017	0.0016	0.026	-0.0021	-0.0075		
		0.4734	0.4803	0.498	0.5059	0.5591	0.5095	0.1327	0.1609	0.1824	0.1282	0.1913	0.1097		-0.0045	-0.0047	-0.0028	-0.0033	0.0262	0.0033	-0.0076	0.0267	0.0437	-0.0099	0.0407	-0.0099		

~End
Original Filename: 2020-07-29_MM_csELISA-V006; Date Last Saved: 7/29/2020 6:39:34 PM
