##BLOCKS= 1
Plate:	final read	1.3	PlateFormat	Endpoint	Absorbance	Raw	FALSE	1						2	450 630 	1	12	96	1	8			
	Temperature(¡C)	1	2	3	4	5	6	7	8	9	10	11	12		1	2	3	4	5	6	7	8	9	10	11	12		
	37	2.8864	2.8998	3.0821	3.182	0.6624	0.6226	0.5062	0.5296	0.3537	0.3543	0.5608	0.5058		0.0566	0.0575	0.0602	0.0598	0.0349	0.0343	0.0335	0.0337	0.0314	0.0316	0.0334	0.034		
		1.6207	1.6721	1.8288	1.7542	0.6418	0.6056	0.5133	0.5392	0.3451	0.3437	0.3042	0.2907		0.0442	0.046	0.0481	0.0471	0.0344	0.0349	0.0424	0.0337	0.0309	0.031	0.0337	0.0312		
		0.6826	0.7094	0.8176	0.8751	0.6205	0.6437	0.417	0.4178	0.2756	0.2708	0.1359	0.1348		0.0364	0.0354	0.0377	0.0368	0.0346	0.0348	0.032	0.0324	0.0307	0.0301	0.0314	0.0304		
		0.3228	0.3201	0.3959	0.4153	0.6706	0.7142	0.4794	0.4895	0.258	0.2525	0.0971	0.0965		0.038	0.031	0.0323	0.0344	0.0348	0.0345	0.0324	0.0328	0.0307	0.0317	0.0286	0.0291		
		0.1578	0.1583	0.1828	0.1865	0.6682	0.6977	0.3651	0.3862	0.276	0.2699	1.8189	1.8104		0.0295	0.0289	0.0305	0.0304	0.0347	0.0349	0.0311	0.0334	0.03	0.0301	0.0494	0.0521		
		0.0973	0.1013	0.1383	0.139	0.6778	0.7254	0.3378	0.3572	0.2488	0.2456	0.9248	0.9304		0.0301	0.0285	0.0309	0.0299	0.0351	0.036	0.0332	0.0387	0.0304	0.0302	0.0375	0.0374		
		0.0732	0.073	0.0788	0.0761	0.5178	0.5793	0.3757	0.4064	0.2905	0.2892	0.9038	0.9308		0.0302	0.0292	0.0286	0.0279	0.0348	0.0657	0.0317	0.0322	0.0309	0.0313	0.0374	0.0374		
		0.0632	0.0671	0.0655	0.0634	0.3873	0.4063	0.2808	0.2955	0.242	0.2438	0.4185	0.4211		0.0329	0.0353	0.029	0.0288	0.0322	0.0414	0.0323	0.0312	0.03	0.03	0.0326	0.0329		

		1	2	3	4	5	6	7	8	9	10	11	12	
		 	 	 	 	 	 	 	 	 	 	 	 	
		 	 	 	 	 	 	 	 	 	 	 	 	
		 	 	 	 	 	 	 	 	 	 	 	 	
		 	 	 	 	 	 	 	 	 	 	 	 	
		 	 	 	 	 	 	 	 	 	 	 	 	
		 	 	 	 	 	 	 	 	 	 	 	 	
		 	 	 	 	 	 	 	 	 	 	 	 	
		 	 	 	 	 	 	 	 	 	 	 	 	
~End
Original Filename: 2020-11-12_MM_csELISA-022; Date Last Saved: 11/12/2020 1:23:30 PM
