##BLOCKS= 1
Plate:	read_final	1.3	PlateFormat	Endpoint	Absorbance	Raw	FALSE	1						2	450 630 	1	9	96	1	8		
	Temperature(¡C)	1	2	3	4	5	6	7	8	9	10	11	12		1	2	3	4	5	6	7	8	9	10	11	12		
	24.8	1.9828	1.9621	1.8368	1.8178	1.8491	1.8893	0.3999	0.4358	0.4544					0.0576	0.0574	0.0558	0.0575	0.0546	0.0558	0.0339	0.0349	0.0348					
		1.0619	1.0213	0.9813	0.978	0.9875	1.0336	0.3817	0.429	0.417					0.0151	0.0188	0.0151	0.019	0.0144	0.0183	0.0055	0.0104	0.0066					
		0.4554	0.4525	0.4441	0.4583	0.4332	0.4309	0.2106	0.2082	0.2105					0.006	0.0051	0.0073	0.0111	0.0066	0.0042	0.0014	0.0021	0.0028					
		0.1887	0.1861	0.1923	0.2178	0.1787	0.1778	0.2354	0.2159	0.2166					0.0004	0.0005	0.0032	0.0175	0.0003	0.0007	0.0042	0.0006	0.001					
		0.083	0.0774	0.0784	0.1023	0.0763	0.0752	0.0785	0.0854	0.0883					-0.0034	-0.0019	-0.003	0.0121	-0.002	-0.0029	-0.0039	-0.003	0.001					
		0.0351	0.0348	0.0384	0.0352	0.0388	0.0318	0.0749	0.079	0.0769					-0.0065	-0.0065	-0.005	-0.0069	-0.0055	-0.008	-0.0062	-0.004	-0.0057					
		0.0196	0.0254	0.0231	0.0226	0.0169	0.022	0.0387	0.0429	0.0385					-0.0077	-0.0039	-0.0034	-0.008	-0.0065	-0.0056	-0.007	-0.0065	-0.0069					
		0.0057	0.0046	0.0099	0.0109	0.0038	0.0047	0.0328	0.0295	0.0252					-0.0097	-0.0106	-0.006	-0.0068	-0.0104	-0.0103	-0.0046	-0.0084	-0.0097					 	 	 	

~End
Original Filename: 2020-07-17_MM_csELISA-V004; Date Last Saved: 7/17/2020 4:12:25 PM
