##BLOCKS= 1
Plate:	final-read	1.3	PlateFormat	Endpoint	Absorbance	Raw	FALSE	1						2	450 630 	1	12	96	1	8			
	Temperature(¡C)	1	2	3	4	5	6	7	8	9	10	11	12		1	2	3	4	5	6	7	8	9	10	11	12		
	37	2.056	2.05	2.217	2.172	0.409	0.39	0.329	0.366	0.432	0.441	0.363	0.349		0.07	0.067	0.068	0.068	0.046	0.046	0.045	0.046	0.047	0.047	0.046	0.05		
		1.325	1.355	1.348	1.39	0.598	0.541	0.402	0.448	0.446	0.441	0.072	0.072		0.059	0.058	0.058	0.063	0.054	0.049	0.047	0.049	0.046	0.047	0.043	0.042		
		0.656	0.648	0.641	0.651	0.545	0.512	0.496	0.481	0.422	0.438	0.472	0.463		0.049	0.054	0.05	0.05	0.076	0.058	0.057	0.05	0.048	0.047	0.047	0.047		
		0.284	0.282	0.314	0.305	0.507	0.557	0.605	0.566	0.425	0.429	0.454	0.502		0.045	0.047	0.048	0.046	0.049	0.051	0.053	0.05	0.049	0.049	0.049	0.047		
		0.149	0.145	0.157	0.162	0.508	0.55	0.524	0.511	0.49	0.483	0.467	0.469		0.043	0.044	0.044	0.043	0.049	0.049	0.05	0.049	0.048	0.058	0.051	0.047		
		0.108	0.101	0.107	0.104	0.413	0.439	0.513	0.533	0.492	0.467	0.488	0.472		0.043	0.043	0.043	0.044	0.05	0.057	0.049	0.059	0.058	0.048	0.049	0.049		
		0.084	0.083	0.084	0.084	0.351	0.355	0.217	0.223	0.12	0.121	0.1	0.091		0.042	0.043	0.042	0.042	0.052	0.046	0.058	0.059	0.047	0.049	0.048	0.042		
		0.072	0.075	0.074	0.073	0.08	0.081	0.084	0.082	0.078	0.078	0.081	0.083		0.042	0.043	0.042	0.042	0.043	0.044	0.046	0.045	0.042	0.042	0.043	0.045	
	

~End
Original Filename: 20210305elisa; Date Last Saved: 03/05/2021 4:35:56 PM
