##BLOCKS= 1
Plate:	final-read	1.3	PlateFormat	Endpoint	Absorbance	Raw	FALSE	1						2	450 630 	1	12	96	1	8			
	Temperature(¡C)	1	2	3	4	5	6	7	8	9	10	11	12		1	2	3	4	5	6	7	8	9	10	11	12		
	29	2.129	2.073	0.381	0.387	0.363	0.363	0.35	0.372	0.379	0.382	0.386	0.354		0.068	0.072	0.047	0.047	0.046	0.044	0.044	0.046	0.047	0.056	0.048	0.051		
		1.145	1.18	0.26	0.271	0.209	0.205	0.234	0.239	0.279	0.296	0.202	0.201		0.055	0.058	0.044	0.045	0.045	0.045	0.047	0.048	0.044	0.045	0.045	0.046		
		0.571	0.603	0.408	0.419	0.406	0.4	0.442	0.443	0.398	0.402	0.363	0.321		0.048	0.049	0.047	0.046	0.046	0.045	0.046	0.046	0.046	0.046	0.046	0.043		
		0.269	0.286	0.311	0.317	0.27	0.278	0.256	0.244	0.228	0.216	0.248	0.229		0.044	0.045	0.046	0.047	0.045	0.044	0.048	0.046	0.048	0.045	0.044	0.043		
		0.154	0.153	0.228	0.233	0.254	0.262	0.222	0.229	0.225	0.22	0.212	0.203		0.043	0.043	0.044	0.044	0.045	0.045	0.045	0.045	0.044	0.044	0.044	0.043		
		0.102	0.107	0.242	0.246	0.268	0.281	0.263	0.26	0.258	0.245	0.244	0.231		0.043	0.044	0.044	0.044	0.051	0.045	0.044	0.045	0.048	0.045	0.044	0.044		
		0.086	0.091	0.249	0.258	0.201	0.202	0.364	0.378	0.209	0.211	0.2	0.194		0.041	0.042	0.044	0.045	0.043	0.043	0.045	0.046	0.049	0.046	0.046	0.043		
		0.073	0.115	0.237	0.264	0.367	0.386	0.221	0.225	0.127	0.126	0.1	0.107		0.042	0.078	0.044	0.045	0.046	0.045	0.045	0.044	0.041	0.043	0.046	0.046		

		
~End
Original Filename: 2021-04-13_MM_csELISA-037_final-read; Date Last Saved: 04/13/2021 4:37:28 PM
