##BLOCKS= 1
Plate:	final-read	1.3	PlateFormat	Endpoint	Absorbance	Raw	FALSE	1						2	450 630 	1	12	96	1	8			
	Temperature(¡C)	1	2	3	4	5	6	7	8	9	10	11	12		1	2	3	4	5	6	7	8	9	10	11	12		
	37	2.323	2.327	2.296	2.336	0.459	0.471	0.45	0.505	0.512	0.495	0.458	0.442		0.071	0.071	0.073	0.073	0.047	0.047	0.047	0.047	0.048	0.048	0.047	0.05		
		1.4	1.329	1.43	1.422	0.432	0.437	0.319	0.341	0.383	0.374	0.428	0.399		0.059	0.058	0.06	0.061	0.047	0.048	0.049	0.047	0.049	0.048	0.048	0.048		
		0.652	0.667	0.679	0.667	0.423	0.447	0.483	0.508	0.415	0.416	0.418	0.389		0.049	0.05	0.05	0.05	0.048	0.05	0.056	0.054	0.048	0.047	0.047	0.046		
		0.307	0.31	0.311	0.311	0.441	0.453	0.436	0.44	0.445	0.442	0.413	0.41		0.045	0.045	0.046	0.046	0.051	0.049	0.051	0.049	0.048	0.049	0.048	0.048		
		0.167	0.171	0.179	0.177	0.433	0.462	0.452	0.478	0.437	0.447	0.443	0.429		0.043	0.045	0.044	0.045	0.048	0.049	0.049	0.049	0.049	0.049	0.049	0.047		
		0.156	0.124	0.23	0.239	0.422	0.454	0.431	0.436	0.374	0.367	0.423	0.409		0.047	0.043	0.047	0.046	0.048	0.056	0.048	0.049	0.047	0.052	0.05	0.046		
		0.106	0.11	0.139	0.14	0.523	0.546	0.336	0.387	0.173	0.182	0.14	0.143		0.043	0.044	0.044	0.044	0.049	0.053	0.059	0.103	0.044	0.044	0.049	0.042		
		0.101	0.094	0.103	0.103	0.121	0.132	0.119	0.147	0.126	0.122	0.128	0.126		0.046	0.043	0.043	0.046	0.045	0.05	0.043	0.068	0.046	0.043	0.043	0.042		

~End
Original Filename: 2021-02-26_MM_csELISA-034; Date Last Saved: 02/26/2021 4:35:56 PM
