##BLOCKS= 1
Plate:	final-read	1.3	PlateFormat	Endpoint	Absorbance	Raw	FALSE	1						2	450 630 	1	12	96	1	8			
	Temperature(¡C)	1	2	3	4	5	6	7	8	9	10	11	12		1	2	3	4	5	6	7	8	9	10	11	12		
	29	2.012	2.009	0.429	0.439	0.386	0.382	0.36	0.384	0.304	0.298	0.265	0.241		0.066	0.068	0.047	0.046	0.045	0.044	0.044	0.045	0.045	0.049	0.045	0.044		
		1.066	1.048	0.429	0.426	0.405	0.408	0.355	0.375	0.301	0.284	0.26	0.242		0.054	0.055	0.05	0.047	0.047	0.047	0.046	0.046	0.045	0.045	0.045	0.044		
		0.455	0.466	0.395	0.403	0.378	0.413	0.359	0.364	0.267	0.256	0.267	0.251		0.046	0.047	0.048	0.047	0.046	0.048	0.057	0.048	0.047	0.045	0.045	0.043		
		0.222	0.215	0.435	0.458	0.427	0.462	0.282	0.277	0.343	0.336	0.318	0.293		0.043	0.045	0.052	0.047	0.047	0.047	0.045	0.046	0.046	0.046	0.045	0.044		
		0.132	0.132	0.441	0.46	0.471	0.467	0.381	0.38	0.285	0.269	0.268	0.253		0.043	0.044	0.051	0.048	0.052	0.048	0.046	0.046	0.047	0.045	0.045	0.044		
		0.102	0.101	0.438	0.468	0.374	0.368	0.385	0.378	0.312	0.344	0.338	0.323		0.042	0.043	0.047	0.049	0.047	0.046	0.047	0.048	0.046	0.067	0.054	0.044		
		0.099	0.091	0.379	0.38	0.235	0.221	0.17	0.13	0.104	0.11	0.116	0.109		0.042	0.043	0.046	0.046	0.044	0.044	0.079	0.044	0.043	0.05	0.044	0.041		
		0.083	0.08	1.878	1.859	2.194	2.244	0.109	0.109	0.112	0.118	0.111	0.11		0.042	0.042	0.068	0.068	0.07	0.07	0.042	0.043	0.042	0.044	0.044	0.041		

		
~End
Original Filename: 2021-04-20_MM_csELISA-038_final-read; Date Last Saved: 04/20/2021 4:37:28 PM
